1362.07
1362.05
1362.04
1362.01
1361.99
1361.97
1361.94
1361.91
1361.88
1361.86
1361.83
1361.81
1361.79
1361.77
1361.74
1361.7
1361.65
1361.61
1361.57
1361.53
1361.49
1361.45
1361.41
1361.39
1361.36
1361.34
1361.32
1361.29
1361.26
1361.24
1361.22
1361.2
1361.17
1361.15
1361.12
1361.1
1361.08
1361.06
1361.04
1361.02
1361
1360.98
1360.96
1360.94
1360.92
1360.9
1360.88
1360.87
1360.85
1360.84
1360.82
1360.81
1360.79
1360.78
1360.77
1360.75
1360.74
1360.73
1360.72
1360.7
1360.69
1360.68
1360.67
1360.65
1360.65
1360.64
1360.63
1360.62
1360.62
1360.61
1360.6
1360.6
1360.6
1360.59
1360.59
1360.59
1360.59
1360.59
1360.59
1360.59
1360.6
1360.6
1360.6
1360.61
1360.61
1360.62
1360.62
1360.63
1360.64
1360.65
1360.66
1360.67
1360.68
1360.69
1360.71
1360.72
1360.74
1360.75
1360.77
1360.79
1360.81
1360.83
1360.85
1360.87
1360.89
1360.91
1360.93
1360.94
1360.97
1360.99
1361.01
1361.04
1361.06
1361.09
1361.11
1361.14
1361.16
1361.19
1361.21
1361.23
1361.26
1361.28
1361.3
1361.32
1361.34
1361.37
1361.38
1361.4
1361.42
1361.43
1361.45
1361.47
1361.48
1361.49
1361.5
1361.51
1361.52
1361.53
1361.53
1361.54
1361.54
1361.54
1361.54
1361.54
1361.54
1361.53
1361.53
1361.52
1361.52
1361.51
1361.5
1361.49
1361.48
1361.46
1361.45
1361.44
1361.42
1361.41
1361.39
1361.38
1361.36
1361.34
1361.33
1361.32
1361.3
1361.29
1361.27
1361.25
1361.23
1361.21
1361.19
1361.17
1361.14
1361.12
1361.1
1361.08
1361.06
1361.04
1361.02
1361
1360.98
1360.96
1360.94
1360.92
1360.9
1360.88
1360.86
1360.84
1360.83
1360.81
1360.79
1360.78
1360.77
1360.75
1360.74
1360.74
1360.73
1360.72
1360.72
1360.71
1360.71
1360.7
1360.7
1360.7
1360.7
1360.7
1360.71
1360.71
1360.71
1360.72
1360.72
1360.73
1360.74
1360.75
1360.75
1360.76
1360.78
1360.79
1360.8
1360.81
1360.83
1360.84
1360.86
1360.88
1360.9
1360.92
1360.94
1360.96
1360.99
1361.02
1361.05
1361.07
1361.09
1361.13
1361.16
1361.18
1361.22
1361.25
1361.28
1361.32
1361.35
1361.38
1361.41
1361.44
1361.47
1361.5
1361.53
1361.56
1361.59
1361.62
1361.66
1361.69
1361.71
1361.74
1361.76
1361.79
1361.81
1361.82
1361.84
1361.86
1361.87
1361.89
1361.9
1361.91
1361.92
1361.93
1361.93
1361.93
1361.93
1361.93
1361.92
1361.91
1361.9
1361.89
1361.87
1361.86
1361.83
1361.81
1361.79
1361.76
1361.73
1361.69
1361.66
1361.62
1361.58
1361.54
1361.49
1361.45
1361.41
1361.37
1361.33
1361.29
1361.25
1361.2
1361.16
1361.12
1361.08
1361.04
1361.01
1360.97
1360.94
1360.91
1360.89
1360.87
1360.85
1360.83
1360.81
1360.8
1360.79
1360.78
1360.77
1360.76
1360.76
1360.75
1360.75
1360.74
1360.74
1360.74
1360.74
1360.73
1360.73
1360.72
1360.72
1360.72
1360.71
1360.71
1360.7
1360.7
1360.69
1360.69
1360.68
1360.67
1360.67
1360.66
1360.65
1360.65
1360.64
1360.63
1360.62
1360.61
1360.6
1360.6
1360.59
1360.58
1360.57
1360.56
1360.55
1360.54
1360.54
1360.53
1360.52
1360.52
1360.52
1360.51
1360.51
1360.51
1360.52
1360.52
1360.52
1360.53
1360.54
1360.54
1360.55
1360.56
1360.57
1360.58
1360.58
1360.6
1360.61
1360.62
1360.63
1360.64
1360.66
1360.68
1360.69
1360.71
1360.73
1360.76
1360.78
1360.8
1360.83
1360.85
1360.88
1360.9
1360.92
1360.95
1360.97
1360.99
1361.02
1361.04
1361.06
1361.09
1361.11
1361.12
1361.15
1361.16
1361.18
1361.2
1361.22
1361.23
1361.25
1361.26
1361.27
1361.29
1361.3
1361.31
1361.32
1361.32
1361.33
1361.34
1361.35
1361.36
1361.36
1361.37
1361.38
1361.38
1361.38
1361.38
1361.38
1361.38
1361.38
1361.38
1361.38
1361.39
1361.4
1361.4
1361.4
1361.41
1361.41
1361.41
1361.41
1361.41
1361.4
1361.4
1361.39
1361.38
1361.37
1361.36
1361.35
1361.33
1361.31
1361.29
1361.27
1361.25
1361.22
1361.2
1361.17
1361.14
1361.11
1361.08
1361.05
1361.02
1360.98
1360.95
1360.91
1360.88
1360.84
1360.8
1360.77
1360.73
1360.69
1360.65
1360.65
1360.65
1360.65
1360.65
1360.65
1361.83	
1361.84
1361.84
1361.84
1361.84
1361.84
1361.83
1361.83
1361.83
1361.83
1361.82
1361.82
1361.81
1361.81
1361.8
1361.79
1361.77
1361.75
1361.73
1361.71
1361.68
1361.66
1361.63
1361.62
1361.6
1361.58
1361.56
1361.53
1361.51
1361.49
1361.46
1361.44
1361.41
1361.39
1361.36
1361.34
1361.32
1361.29
1361.27
1361.25
1361.22
1361.2
1361.18
1361.16
1361.14
1361.12
1361.1
1361.08
1361.06
1361.04
1361.02
1361.01
1360.99
1360.97
1360.95
1360.93
1360.92
1360.9
1360.88
1360.86
1360.83
1360.81
1360.79
1360.76
1360.75
1360.73
1360.71
1360.69
1360.68
1360.66
1360.65
1360.64
1360.62
1360.61
1360.61
1360.6
1360.59
1360.58
1360.58
1360.57
1360.56
1360.56
1360.55
1360.55
1360.54
1360.54
1360.54
1360.53
1360.53
1360.53
1360.53
1360.53
1360.53
1360.54
1360.54
1360.55
1360.56
1360.57	
1360.58	
1360.59	
1360.61	
1360.63	
1360.64	
1360.67	
1360.69	
1360.71	
1360.74	
1360.76	
1360.79	
1360.82	
1360.85	
1360.89	
1360.93	
1360.97	
1361.01	
1361.06	
1361.1	
1361.14	
1361.19	
1361.23	
1361.28	
1361.32	
1361.35	
1361.39	
1361.43	
1361.47	
1361.5	
1361.53	
1361.56	
1361.58	
1361.61	
1361.63	
1361.64	
1361.65	
1361.66	
1361.67	
1361.67	
1361.67	
1361.67	
1361.66	
1361.66	
1361.65	
1361.64	
1361.64	
1361.63	
1361.62	
1361.61	
1361.6	
1361.59	
1361.58	
1361.57	
1361.56	
1361.54	
1361.53	
1361.51	
1361.5	
1361.48	
1361.47	
1361.45	
1361.43	
1361.41	
1361.38	
1361.37	
1361.36	
1361.34	
1361.31	
1361.29	
1361.26	
1361.23	
1361.2	
1361.17	
1361.14	
1361.11	
1361.08	
1361.05	
1361.01	
1360.99	
1360.96	
1360.93	
1360.91	
1360.88	
1360.86	
1360.84	
1360.83	
1360.82	
1360.81	
1360.81	
1360.8	
1360.8	
1360.8	
1360.8	
1360.81	
1360.81	
1360.81	
1360.81	
1360.81	
1360.81	
1360.81	
1360.8	
1360.79	
1360.78	
1360.77	
1360.76	
1360.74	
1360.73	
1360.71	
1360.7	
1360.69	
1360.68	
1360.67	
1360.67	
1360.67	
1360.67	
1360.67	
1360.68	
1360.69	
1360.71	
1360.73	
1360.75	
1360.78	
1360.81	
1360.84	
1360.87	
1360.91	
1360.94	
1360.98	
1361	
1361.03	
1361.06	
1361.09	
1361.12	
1361.14	
1361.16	
1361.19	
1361.22	
1361.24	
1361.26	
1361.28	
1361.31	
1361.34	
1361.36	
1361.39	
1361.4	
1361.43	
1361.45	
1361.47	
1361.49	
1361.52	
1361.54	
1361.57	
1361.59	
1361.62	
1361.64	
1361.66	
1361.68	
1361.71	
1361.72	
1361.74	
1361.76	
1361.77	
1361.79	
1361.81	
1361.83	
1361.84	
1361.85	
1361.87	
1361.87	
1361.88	
1361.89	
1361.9	
1361.9	
1361.91	
1361.91	
1361.91	
1361.9	
1361.89	
1361.88	
1361.87	
1361.86	
1361.83	
1361.81	
1361.78	
1361.75	
1361.71	
1361.66	
1361.62	
1361.56	
1361.51	
1361.46	
1361.4	
1361.35	
1361.29	
1361.23	
1361.17	
1361.11	
1361.06	
1361.01	
1360.96	
1360.92	
1360.89	
1360.86	
1360.83	
1360.81	
1360.79	
1360.77	
1360.76	
1360.76	
1360.75	
1360.75	
1360.75	
1360.76	
1360.76	
1360.77	
1360.78	
1360.79	
1360.79	
1360.8	
1360.8	
1360.8	
1360.8	
1360.8	
1360.79	
1360.78	
1360.76	
1360.75	
1360.73	
1360.72	
1360.7	
1360.68	
1360.67	
1360.65	
1360.64	
1360.62	
1360.61	
1360.6	
1360.59	
1360.59	
1360.58	
1360.58	
1360.57	
1360.57	
1360.57	
1360.57	
1360.57	
1360.57	
1360.56	
1360.56	
1360.56	
1360.56	
1360.56	
1360.56	
1360.55	
1360.55	
1360.55	
1360.54	
1360.53	
1360.53	
1360.52	
1360.52	
1360.52	
1360.52	
1360.52	
1360.53	
1360.53	
1360.54	
1360.55	
1360.56	
1360.58	
1360.6	
1360.61	
1360.63	
1360.65	
1360.67	
1360.69	
1360.71	
1360.73	
1360.75	
1360.77	
1360.79	
1360.81	
1360.83	
1360.84	
1360.86	
1360.88	
1360.9	
1360.92	
1360.95	
1360.98	
1361	
1361.03	
1361.06	
1361.09	
1361.12	
1361.14	
1361.17	
1361.19	
1361.21	
1361.23	
1361.25	
1361.26	
1361.27	
1361.28	
1361.29	
1361.3	
1361.3	
1361.31	
1361.31	
1361.31	
1361.31	
1361.31	
1361.31	
1361.32	
1361.32	
1361.33	
1361.34	
1361.34	
1361.34	
1361.35	
1361.35	
1361.35	
1361.35	
1361.35	
1361.35	
1361.37	
1361.38	
1361.39	
1361.41	
1361.42	
1361.43	
1361.44	
1361.44	
1361.45	
1361.45	
1361.45	
1361.44	
1361.43	
1361.42	
1361.41	
1361.4	
1361.38	
1361.35	
1361.33	
1361.3	
1361.27	
1361.23	
1361.2	
1361.16	
1361.12	
1361.08	
1361.04	
1361.01	
1360.97	
1360.93	
1360.89	
1360.86	
1360.83	
1360.79
1360.76	
1360.74	
1360.72	
1360.7	
1360.68	
1360.68	
1360.68	
1360.68	
1360.68	
1360.68
1361.91
1361.89	
1361.87	
1361.84	
1361.82	
1361.8	
1361.78	
1361.76	
1361.75	
1361.74	
1361.73	
1361.73	
1361.72	
1361.72	
1361.72	
1361.72	
1361.73	
1361.73	
1361.74	
1361.74	
1361.74	
1361.73	
1361.71	
1361.7	
1361.68	
1361.66	
1361.63	
1361.6	
1361.56	
1361.52	
1361.48	
1361.44	
1361.39	
1361.35	
1361.3	
1361.26	
1361.24	
1361.21	
1361.2	
1361.18	
1361.17	
1361.16	
1361.16	
1361.16	
1361.15	
1361.15	
1361.14	
1361.14	
1361.13	
1361.11	
1361.09	
1361.07	
1361.04	
1361.01	
1360.98	
1360.95	
1360.91	
1360.89	
1360.85	
1360.81	
1360.78	
1360.75	
1360.74	
1360.73	
1360.73	
1360.73	
1360.72	
1360.72	
1360.72	
1360.71	
1360.69	
1360.68	
1360.65	
1360.63	
1360.6	
1360.58	
1360.56	
1360.54	
1360.53	
1360.52	
1360.52	
1360.53	
1360.55	
1360.56	
1360.58	
1360.58	
1360.59	
1360.59	
1360.58	
1360.57	
1360.56	
1360.54	
1360.52	
1360.51	
1360.5	
1360.49	
1360.49	
1360.49	
1360.5	
1360.52	
1360.55	
1360.59	
1360.63	
1360.68	
1360.73	
1360.78	
1360.82	
1360.85	
1360.88	
1360.91	
1360.93	
1360.95	
1360.96	
1360.97	
1360.98	
1360.99	
1361.02	
1361.04	
1361.08	
1361.11	
1361.16	
1361.21	
1361.26	
1361.33	
1361.4	
1361.47	
1361.53	
1361.6	
1361.66	
1361.7	
1361.73	
1361.75	
1361.76	
1361.75	
1361.74	
1361.72	
1361.69	
1361.66	
1361.63	
1361.6	
1361.57	
1361.54	
1361.53	
1361.52	
1361.53	
1361.54	
1361.55	
1361.57	
1361.59	
1361.61	
1361.62	
1361.63	
1361.63	
1361.62	
1361.61	
1361.59	
1361.57	
1361.55	
1361.52	
1361.48	
1361.44	
1361.4	
1361.38	
1361.37	
1361.33	
1361.29	
1361.26	
1361.22	
1361.18	
1361.15	
1361.11	
1361.08	
1361.06	
1361.03	
1361.01	
1360.98	
1360.97	
1360.95	
1360.94	
1360.92	
1360.91	
1360.89	
1360.88	
1360.87	
1360.85	
1360.84	
1360.83	
1360.81	
1360.8	
1360.79	
1360.79	
1360.78	
1360.78	
1360.79	
1360.8	
1360.8	
1360.81	
1360.82	
1360.82	
1360.81	
1360.8	
1360.78	
1360.76	
1360.74	
1360.71	
1360.69	
1360.68	
1360.67	
1360.66	
1360.66	
1360.66	
1360.66	
1360.67	
1360.68	
1360.7	
1360.71	
1360.73	
1360.75	
1360.77	
1360.79	
1360.81	
1360.83	
1360.85	
1360.88	
1360.91	
1360.94	
1360.97	
1361.01	
1361.05	
1361.09	
1361.13	
1361.17	
1361.2	
1361.24	
1361.27	
1361.3	
1361.33	
1361.35	
1361.38	
1361.41	
1361.43	
1361.46
1361.47	
1361.49	
1361.51	
1361.53	
1361.54	
1361.55	
1361.57
1361.59	
1361.6	
1361.61	
1361.63	
1361.64	
1361.65	
1361.67	
1361.68	
1361.69	
1361.7	
1361.71	
1361.73	
1361.74	
1361.75	
1361.75	
1361.76	
1361.76	
1361.76	
1361.76	
1361.76	
1361.76	
1361.75	
1361.75	
1361.75	
1361.74	
1361.74	
1361.75	
1361.76	
1361.77	
1361.78	
1361.79	
1361.81	
1361.82	
1361.83	
1361.82	
1361.81	
1361.78	
1361.73	
1361.68
1361.6	
1361.49	
1361.39	
1361.28	
1361.17	
1361.06	
1360.97	
1360.9	
1360.86	
1360.84	
1360.83	
1360.83	
1360.83	
1360.84	
1360.84	
1360.85	
1360.85	
1360.86	
1360.86	
1360.87	
1360.87	
1360.87	
1360.87	
1360.86	
1360.85	
1360.83	
1360.81	
1360.78	
1360.76	
1360.74	
1360.73	
1360.73	
1360.73	
1360.74	
1360.75	
1360.76	
1360.77	
1360.77	
1360.76	
1360.74	
1360.72	
1360.7	
1360.67	
1360.65	
1360.62	
1360.6	
1360.58	
1360.57	
1360.57	
1360.57	
1360.57	
1360.57	
1360.58	
1360.58	
1360.58	
1360.58	
1360.57	
1360.57	
1360.57	
1360.56	
1360.56	
1360.55	
1360.55	
1360.54	
1360.54	
1360.54	
1360.54	
1360.54	
1360.54	
1360.54	
1360.54	
1360.54	
1360.53	
1360.53	
1360.52	
1360.52
1360.52
1360.52
1360.54
1360.55
1360.57
1360.6
1360.63
1360.65
1360.69
1360.72
1360.74
1360.77
1360.79
1360.8
1360.81
1360.82
1360.82
360.82
1360.83
1360.84
1360.86
1360.89
1360.91
1360.95
1360.99
1361.03
1361.08
1361.12
1361.16
1361.18
1361.2
1361.22
1361.23
1361.24
1361.24
1361.25
1361.25
1361.25
1361.26
1361.26
1361.27
1361.28
1361.29
1361.3
1361.31
1361.32
1361.34
1361.35
1361.36
1361.37
1361.38
1361.38
1361.38
1361.38
1361.38
1361.38
1361.38
1361.38
1361.38
1361.38
1361.38
1361.37
1361.37
1361.38
1361.38
1361.39
1361.4
1361.41
1361.43
1361.44
1361.45
1361.45
1361.46
1361.45
1361.44
1361.43
1361.4
1361.36
1361.32
1361.27
1361.22
1361.17
1361.12
1361.07
1361.03
1360.99
1360.96
1360.93
1360.91
1360.89
1360.87
1360.85
1360.83
1360.81
1360.79
1360.77
1360.76
1360.74
1360.74
1360.74
1360.74
1360.74
1360.74
-0.00173432
-0.00172277
-0.00171438
-0.00169761
-0.00168608
-0.00167247
-0.00165469
-0.00163692
-0.00161918
-0.00160145
-0.00158582
-0.0015702
-0.00155772
-0.00154213
-0.00152447
-0.00149439
-0.00146437
-0.00143336
-0.00140241
-0.00137254
-0.00134067
-0.0013109
-0.00127914
-0.00126277
-0.00124233
-0.00122395
-0.00120355
-0.00117911
-0.00115674
-0.00113845
-0.00111613
-0.00109687
-0.00107359
-0.00105236
-0.00102915
-0.00100596
-0.000985822
-0.000962695
-0.000941607
-0.00091854
-0.000895506
-0.000872503
-0.000849532
-0.00082759
-0.000805677
-0.000783793
-0.000760946
-0.000740113
-0.000720297
-0.000697538
-0.000676786
-0.000655075
-0.000633392
-0.000610755
-0.000591097
-0.000567539
-0.000545975
-0.000528353
-0.000501956
-0.000473654
-0.000443455
-0.000413314
-0.000385171
-0.000355142
-0.000335799
-0.00030876
-0.000281768
-0.00025194
-0.000224088
-0.000200118
-0.000170448
-0.000142745
-0.000116045
-8.84407e-05
-6.18368e-05
-3.24376e-05
-4.04181e-06
2.33559e-05
5.07029e-05
7.98799e-05
0.000108999
0.000136187
0.000163324
0.000184811
0.000211858
0.00022862
0.000254655
0.000282498
0.000303807
0.000332478
0.000358324
0.000385965
0.000414469
0.000441999
0.000469475
0.000495984
0.000523353
0.000551577
0.000577021
0.000605135
0.000632287
0.000660207
0.000684619
0.000709517
0.00073125
0.000748206
0.000762864
0.000772924	
0.000786912	
0.000798925	
0.000807643	
0.000814934	
0.000819508	
0.000821997	
0.000822044
0.000819766
0.000814972
0.000807971
0.000798294
0.000786568
0.000772518
0.000756145
0.000739422
0.000718634
0.000695522
0.000669199
0.000645208
0.000614323
0.000580957
0.000552242
0.000514394
0.000475405
0.000434092
0.000389088
0.000347026
0.000299801
0.000253847
0.000206324
0.000160852
0.000114568
6.90543e-05
2.57681e-05
-1.81762e-05
-5.99436e-05
-0.000102318
-0.000143896
-0.000180764
-0.000220682
-0.000258169
-0.000295718
-0.000330808
-0.000365488
-0.00039853
-0.000428947
-0.000458767
-0.000484293
-0.000510996
-0.000528154
-0.000550614
-0.000573038
-0.000593179
-0.000612381
-0.00062165
-0.000627223
-0.000643413
-0.000656629
-0.000668108
-0.000679405
-0.000689467
-0.000697646
-0.000703896
-0.000709109
-0.000712789
-0.00071498
-0.000715542
-0.000714511
-0.000712486
-0.000709541
-0.000704284
-0.000697637
-0.000689456
-0.000679389
-0.000669079
-0.000657082
-0.00064332
-0.000627353
-0.000608991
-0.000587141
-0.000562336
-0.000535199
-0.000505836
-0.000473396
-0.000435318
-0.000396513
-0.000356141
-0.000318223
-0.000288625
-0.000253689
-0.000207239
-0.000165365
-0.000120763
-8.04807e-05
-4.83644e-05
-7.792e-06
3.00092e-05
6.88752e-05
9.31042e-05
0.000128204
0.000161811
0.00018973
0.000220551
0.00024317
0.000272056
0.000293761
0.000318624
0.000342862
0.000371496
0.000402952
0.000433497
0.000469675
0.000507048
0.000546745
0.000588764
0.000634625
0.000682967
0.000732111
0.0007731
0.000826426
0.000883915
0.000940824
0.000988108
0.00102347
0.00105834
0.00109643
0.00112496
0.00114566
0.00116812
0.00118074
0.00119284
0.00119935
0.00120161
0.0011999
0.00119558
0.00118673
0.00117612
0.00115937
0.00114326
0.00112015
0.00108926
0.001055
0.00101537
0.000974662
0.000930782
0.000882396
0.000839996
0.000785051
0.000738946
0.000697062
0.000647923
0.000584617
0.000523003
0.000456831
0.000388185
0.000321882
0.000245961
0.000167398
0.00010476
3.23993e-05
-4.75542e-05
-0.000132698
-0.000220316
-0.000313455
-0.00039672
-0.000490675
-0.000584863
-0.000672041
-0.000767123
-0.000851108
-0.000924059
-0.00101113
-0.00109114
-0.00116893
-0.00123854
-0.00130254
-0.00135675	
-0.0013985
-0.00143354
-0.00145598
-0.00147171
-0.00147895
-0.00147756
-0.00146929
-0.00145184
-0.0014236
-0.00138684
-0.0013408
-0.00128347
-0.00121857
-0.00114175
-0.00105798
-0.000962401
-0.000866137
-0.000779574
-0.000691928
-0.000612628
-0.000536718
-0.000469117
-0.000405318
-0.000347675
-0.000297662
-0.000251884
-0.000213295
-0.000179321
-0.000151347
-0.000131235
-0.000114678
-0.000104366
-9.96131e-05
-0.000100725
-0.00010825
-0.000119761
-0.000128682
-0.000135739
-0.000142069
-0.00014904
-0.000156461
-0.000163551
-0.00017183
-0.000180271
-0.000189436
-0.000198736
-0.000208788
-0.000219292
-0.000229885
-0.000241276
-0.000252728
-0.000264968
-0.000277293
-0.00028872
-0.000298541
-0.000304464
-0.000306709
-0.000306173
-0.000301918
-0.000293902
-0.000282563
-0.000267145
-0.000248643
-0.000225577
-0.000197461
-0.000166482
-0.000128271
-8.65692e-05
-4.08633e-05
2.17289e-06
4.47653e-05
8.54487e-05
0.000123002
0.000159929
0.000193514
0.000224434
0.000243932
0.000265812
0.0002862
0.000301137
0.000312255
0.000326758
0.000347076
0.000372151
0.000400823
0.00043266
0.000469856
0.000512845
0.000560462
0.000607447
0.000662918
0.000712874
0.000757095
0.00079235
0.000820991
0.000841714
0.000852989
0.000858935
0.000857962
0.000851063
0.00083719
0.000821483
0.000803002
0.000784026
0.000763978
0.000742857
0.000719906
0.000695808
0.000677189
0.000651097
0.000624755
0.000595777
0.000564403
0.000534973
0.000503886
0.000474657
0.000445496
0.000418287
0.000391512
0.000366827
0.000344962
0.000325088
0.000315302
0.000302771
0.00028983
0.000276978
0.000264771
0.000255497
0.000244637
0.000230713
0.000230713
0.000230713
0.000217833
0.000217833
0.000217833
0.000213534
0.000213534
0.000213534
0.00019529
0.000171927
0.000144366
0.000114386
7.99872e-05
4.21132e-05
2.15209e-06
-4.25602e-05
-8.91389e-05
-0.000140689
-0.000195715
-0.000248403
-0.000310042
-0.000372798
-0.000437048
-0.000497058
-0.000556828
-0.000614321
-0.000667792
-0.000720806
-0.000769941
-0.000818474
-0.000864731
-0.000905942
-0.000947792
-0.000986124
-0.00102349
-0.00105749
-0.00109038
-0.00112099
-0.00114845
-0.00117458
-0.00119771
-0.00121936
-0.00123873
-0.00125428
-0.00126932
-0.00128171
-0.00129227
-0.00129227
-0.00129227
-0.00129227
-0.00129227
-0.00129227
0.000111738
7.87231e-05
5.49204e-05
7.84166e-06
-2.41176e-05
-6.14597e-05
-0.000109592
-0.000156932
-0.000203479
-0.000249233
-0.000288946
-0.000328042
-0.000358874
-0.000396859
-0.000439162
-0.000509496
-0.000577524
-0.00064547
-0.000710946
-0.000771894
-0.000834559
-0.00089096
-0.000948878
-0.000977712
-0.00101238
-0.00104054
-0.00106769
-0.00109454
-0.00111364
-0.00112536
-0.00113489
-0.00113889
-0.00113848
-0.00113308
-0.00112166
-0.00110449
-0.00108488
-0.00105745
-0.00103227
-0.00100644
-0.000982428
-0.000960246
-0.000939891
-0.000922131
-0.000906042
-0.000891624
-0.000878338
-0.000867803
-0.000859186
-0.000850984
-0.000844528
-0.000837636
-0.000830707
-0.000823423
-0.000817057
-0.000809377
-0.000802298
-0.000796479
-0.000787704
-0.000778217
-0.000768004
-0.000757822
-0.000744867
-0.000724591
-0.000707985
-0.000680093
-0.000646783
-0.000603585
-0.000557162
-0.000512477
-0.000453701
-0.000403811
-0.000361428
-0.000323531
-0.000292735
-0.00026528
-0.000245354
-0.000232304
-0.000225357
-0.000221488
-0.000214181
-0.000203801
-0.000190016
-0.000176662
-0.000156772
-0.000142713
-0.000118236
-8.76344e-05
-6.16977e-05
-2.41017e-05
1.24592e-05
5.43735e-05
0.000100665
0.000148346
0.000198864
0.000250395
0.000306436
0.00036596
0.000421401
0.000487198
0.000553111
0.000622706
0.000686863
0.000759332
0.0008309
0.000894069
0.000955811
0.00100339
0.00107967
0.00115653
0.00121851
0.00127849
0.00132638
0.00136878
0.00140116
0.00142503
0.00144076
0.00144734
0.0014457
0.00143676
0.00141976
0.00139202
0.00135781
0.00130953
0.00125045
0.00117806
0.00110844
0.00101483
0.000909678
0.000816477
0.000690487
0.000561111
0.000437794
0.000319604
0.000222387
0.000125315
4.19432e-05
-3.32882e-05
-9.55251e-05
-0.000148917
-0.000191209
-0.00022157
-0.000242022
-0.000253738
-0.000267831
-0.000284017
-0.000300431
-0.000320591
-0.00034209
-0.00036636
-0.000391836
-0.000420216
-0.000450729
-0.000482718
-0.000518435
-0.000553752
-0.000596309
-0.000624789
-0.000663187
-0.000703034
-0.000740418
-0.000777831
-0.000796657
-0.000808255
-0.000843393
-0.000874066
-0.000902688
-0.000933389
-0.000963896
-0.000992241
-0.00101765
-0.00104352
-0.00106376
-0.00107343
-0.0010695
-0.00105036
-0.00102322
-0.000987401
-0.000927602
-0.000855434
-0.000768955
-0.000664558
-0.000557265
-0.000432955
-0.000314122
-0.000210326
-0.000122957
-4.99339e-05
5.54888e-06
4.25408e-05
6.26847e-05
6.73261e-05
5.50806e-05
2.97171e-05
-7.08277e-06
-5.01604e-05
-8.93479e-05
-0.000141681
-0.000222096
-0.000309086
-0.000404284
-0.000471053
-0.000508268
-0.000532909
-0.00053101
-0.000501022
-0.000466343
-0.000392476
-0.000300909
-0.00021281
-0.000104469
-1.85084e-05
0.000100992
0.00020031
0.000327007
0.000453277
0.000587534
0.000724596
0.000844983
0.000958403
0.00104246
0.00110087
0.00113362
0.00114051
0.00112058
0.00108101
0.00104863
0.0010122
0.000979282
0.000951179
0.000929929
0.000915409
0.000902629
0.000891126
0.000885013
0.0008825
0.000882477
0.000884043
0.000887082
0.000890082
0.000891763
0.000891979
0.000890889
0.000888106
0.000884479
0.000878505
0.00087261
0.000863931
0.000852003
0.000838461
0.000822403
0.000805481
0.000786722
0.000765384
0.000746101
0.000720294
0.000697953
0.000677165
0.000652258
0.000619478
0.000586913
0.000551293
0.000513707
0.000476853
0.000434054
0.000389156
0.000352955
0.000309793
0.000258779
0.000200896
0.000137123
6.31616e-05
-9.46783e-06
-0.000100126
-0.000201058
-0.000300797
-0.000417044
-0.0005273
-0.000629962
-0.000762788
-0.000897156
-0.00104202
-0.00118804
-0.00134201
-0.0014932
-0.00163196
-0.00177611
-0.00188211
-0.00196713
-0.002025
-0.00204683
-0.00204599
-0.00201675
-0.00195247
-0.00185779
-0.00173117
-0.00157528
-0.00142146
-0.00126154
-0.00110589
-0.000949392
-0.000800696
-0.000668655
-0.000535055
-0.000413192
-0.00029494
-0.000187928
-8.50236e-05
1.00815e-05
9.47815e-05
0.000167744
0.000219083
0.000251043
0.000261347
0.000252041
0.000221129
0.000170595
9.70699e-05
5.29736e-06
-0.000110585
-0.000226623
-0.000323312
-0.000407035
-0.000472391
-0.000523737
-0.000556911
-0.00056602
-0.000554258
-0.000533917
-0.000508566
-0.00047984
-0.000445825
-0.000407407
-0.000366035
-0.000318952
-0.000270453
-0.000224465
-0.000178856
-0.000140926
-0.000103687
-7.24072e-05
-4.99156e-05
-2.72781e-05
-1.36793e-05
-9.37812e-06
-1.12549e-05
-1.83151e-05
-2.99246e-05
-4.68573e-05
-6.88073e-05
-9.38832e-05
-0.0001252
-0.000155631
-0.000181793
-0.000193633
-0.000188098
-0.000164501
-0.00012467
-6.86738e-05
-9.57826e-06
5.48757e-05
0.000102707
0.000166091
0.000239544
0.000312829
0.000386917
0.000455231
0.000518409
0.000571005
0.000611828
0.00064187
0.000663203
0.000674836
0.000675886
0.000667739
0.000648649
0.000622909
0.000604455
0.000597792
0.000602473
0.00061891
0.000641761
0.000677005
0.000719066
0.000768042
0.000831588
0.000884575
0.000927838
0.000954297
0.000965598
0.000961744
0.000941837
0.000905747
0.000868512
0.000804058
0.000734508
0.000662767
0.000591213
0.000524444
0.000453251
0.000384532
0.000313706
0.000245343
0.000174924
0.00011132
6.78597e-05
4.52262e-05
4.15562e-05
4.56364e-05
6.30881e-05
9.8819e-05
0.000158326
0.000235526
0.000318689
0.000379875
0.000379875
0.000379875
0.000413602
0.000413602
0.000413602
0.000421596
0.000421596
0.000421596
0.000442723
0.000448486
0.000434871
0.000403209
0.000353763
0.000293153
0.000228606
0.000156624
8.18526e-05
-6.92954e-07
-8.86068e-05
-0.000172627
-0.000270758
-0.000370834
-0.000479529
-0.000589828
-0.000706921
-0.000815859
-0.000910122
-0.000995994
-0.00106793
-0.00113074
-0.00118182
-0.001219
-0.00124739
-0.00126371
-0.00126903
-0.00126303
-0.00124529
-0.00121583
-0.00117615
-0.00112363
-0.00106163
-0.000986035
-0.000898717
-0.000809773
-0.000700145
-0.000582892
-0.000450197
-0.000450197
-0.000450197
-0.000450197
-0.000450197
-0.000450197
-0.00234644
-0.00214884
-0.00201017
-0.00174553
-0.00157342
-0.00138034
-0.00114472
-0.000928236
-0.000730873
-0.000552636
-0.000411252
-0.000284758
-0.000194284
-9.45926e-05
3.89864e-07
0.000118277
0.000180506
0.000186313
0.000132557
2.39763e-05
-0.00015364
-0.000377374
-0.000678084
-0.000852442
-0.00106637
-0.0012483
-0.00143868
-0.00165076
-0.00182948
-0.00196455
-0.00210472
-0.00216116
-0.00213286
-0.00201324
-0.00177955
-0.00146916
-0.001214
-0.000950515
-0.000737913
-0.000535702
-0.000365567
-0.000235164
-0.000153848
-0.000122084
-0.000135314
-0.000193538
-0.000302517
-0.000444967
-0.000617125
-0.000836603
-0.00101222
-0.00116498
-0.0012858
-0.00137796
-0.00142971
-0.00145697
-0.00144856
-0.00141793
-0.00133188
-0.00118586
-0.000968397
-0.000687508
-0.000411537
-0.000195409
-0.000100052
-2.46357e-05
-1.69817e-05
-8.755e-05
-0.000228762
-0.000406152
-0.000610652
-0.000748406
-0.000832271
-0.000868236
-0.000853823
-0.000781552
-0.000656666
-0.000499976
-0.000315713
-8.82515e-05
0.000170717
0.000417687
0.00056084
0.000578112
0.000478773
0.000357874
0.000111273
-0.000139405
-0.000292556
-0.000448462
-0.000542346
-0.000584057
-0.000562564
-0.000476543
-0.000332223
-0.000154406
5.34111e-05
0.000293075
0.000531315
0.000816628
0.00109988
0.00137548
0.00156169
0.00167821
0.00169995
0.00164638
0.00153145
0.00140253
0.00112587
0.000785147
0.000550062
0.000382382
0.000313608
0.000334253
0.000447813
0.000616719
0.00080189
0.000988565
0.00118919
0.00139082
0.0015998
0.00181614
0.00201713
0.00224342
0.00239949
0.00242551
0.00233545
0.00209469
0.00170955
0.00131564
0.000823424
0.000397411
2.1271e-05
-0.000315014
-0.000572983
-0.000807871
-0.000969815
-0.00105415
-0.00106334
-0.000998001
-0.000856607
-0.000647355
-0.000356296
-1.85698e-05
0.000270615
0.000474528
0.000585414
0.000627034
0.000586122
0.000460067
0.000296316
0.000116803
-7.33819e-05
-0.000267593
-0.000478778
-0.00067867
-0.000881429
-0.000997442
-0.00112931
-0.00123392
-0.0012989
-0.00132335
-0.0013245
-0.00132377
-0.00131456
-0.00129721
-0.00127236
-0.00123541
-0.00118688
-0.00112993
-0.00106789
-0.000991913
-0.000906123
-0.000819188
-0.000741575
-0.000666295
-0.000613127
-0.000569026
-0.000522123
-0.00048756
-0.000466903
-0.000461944
-0.000458598
-0.000451595
-0.000441055
-0.000426978
-0.000409364
-0.000387448
-0.000353653
-0.000287102
-0.000194269
-7.52543e-05
8.09208e-05
0.000246029
0.000343375
0.000346642
0.000294881
0.000176418
-4.75743e-05
-0.000268627
-0.000524882
-0.000750147
-0.000860175
-0.000886188
-0.000785046
-0.000607511
-0.000494286
-0.000327227
-0.000163501
-2.82479e-05
0.000114155
0.000213415
0.000340577
0.000429373
0.000511271
0.000560344
0.000593375
0.000616976
0.000630189
0.000641187
0.000668075
0.000714861
0.000785167
0.000886804
0.00100897
0.00113558
0.00124281
0.00136475
0.00143351
0.00144204
0.00139845
0.00134617
0.00129031
0.00122244
0.0011646
0.00111626
0.00105246
0.00100613
0.000945044
0.000891208
0.000844214
0.000789159
0.000749712
0.000702242
0.000663077
0.000619442
0.000588553
0.000554904
0.00052206
0.000496169
0.000475505
0.000461778
0.000453467
0.00045057
0.000453415
0.000465972
0.000469436
0.000465535
0.000453205
0.00042625
0.00038934
0.000339262
0.000277087
0.000208143
0.000126279
5.50075e-05
7.61952e-06
-3.75659e-05
-7.65148e-05
-0.000106361
-0.000124284
-0.000117366
-8.75904e-05
-2.85731e-05
5.7743e-05
0.000162934
0.000307134
0.000442476
0.000511119
0.000519842
0.000447754
0.000290049
5.69018e-05
-0.000267233
-0.000690176
-0.0011778
-0.00179578
-0.00241546
-0.00315173
-0.00378135
-0.00404036
-0.00407351
-0.00382703
-0.00331401
-0.00263419
-0.00178905
-0.00100444
-0.000465954
-0.000137703
1.49573e-05
0.00012445
0.00018859
0.000207527
0.000195739
0.000177908
0.000153398
0.000123791
8.71121e-05
4.12058e-05
-3.46573e-05
-0.000149305
-0.000295341
-0.000482501
-0.000683445
-0.000777222
-0.000767631
-0.00064487
-0.000439521
-0.000237531
-2.83084e-05
0.000181346
0.000326554
0.00035162
0.000259702
8.28091e-05
-0.000170793
-0.000400992
-0.000603713
-0.000746863
-0.000831313
-0.000848004
-0.000810569
-0.000733219
-0.000621431
-0.000467752
-0.000283459
-9.79982e-05
3.68147e-05
0.000108477
0.000132331
0.000100013
4.74232e-05
-9.70349e-06
-5.96088e-05
-0.000100285
-0.000130862
-0.000153385
-0.000168768
-0.000182403
-0.000180557
-0.000157478
-0.000106853
-4.98691e-05
8.82974e-07
4.08188e-05
5.43253e-05
3.121e-05
-2.39838e-05
-0.000103049
-0.000176307
-0.000210373
-0.000202155
-0.000152612
-4.67008e-05
0.000106882
0.000294858
0.000464103
0.000620332
0.000756569
0.000867198
0.000952853
0.00100121
0.00100547
0.000963282
0.000885242
0.000754631
0.000584002
0.000369688
0.000207498
0.000125738
0.000131736
0.000204435
0.000358484
0.000548709
0.000724863
0.000908995
0.00107442
0.00124341
0.00139164
0.0014796
0.00146121
0.0013278
0.00108165
0.000881177
0.000646602
0.000458541
0.000304457
0.00019128
0.000124172
9.05251e-05
8.17212e-05
9.70963e-05
0.000135658
0.000199978
0.000289171
0.000397043
0.000484094
0.000514039
0.000536492
0.000535694
0.000501569
0.000422829
0.000305648
0.000173212
7.57852e-05
7.57852e-05
7.57852e-05
2.15112e-05
2.15112e-05
2.15112e-05
8.51072e-06
8.51072e-06
8.51072e-06
-2.62565e-05
-3.62424e-05
-1.48849e-05
3.6438e-05
0.000121148
0.000229277
0.000314473
0.000370447
0.000393586
0.000385434
0.000344693
0.000279885
0.000174078
2.59751e-05
-0.000174337
-0.000413811
-0.000708412
-0.00104464
-0.00132351
-0.0015313
-0.00165461
-0.00169976
-0.00166507
-0.00159551
-0.00148656
-0.00134709
-0.00116843
-0.000991684
-0.000839953
-0.00072197
-0.000641137
-0.000587836
-0.000567025
-0.000577717
-0.000620063
-0.000656614
-0.000660661
-0.000626634
-0.000552265
-0.000552265
-0.000552265
-0.000552265
-0.000552265
-0.000552265
1.05012e-06
1.04946e-06
1.04897e-06
1.04801e-06
1.04735e-06
1.04656e-06
1.04554e-06
1.04451e-06
1.04349e-06
1.04247e-06
1.04156e-06
1.04066e-06
1.03994e-06
1.03903e-06
1.03801e-06
1.03626e-06
1.03451e-06
1.03271e-06
1.0309e-06
1.02915e-06
1.02728e-06
1.02554e-06
1.02367e-06
1.02271e-06
1.0215e-06
1.02042e-06
1.01921e-06
1.01777e-06
1.01644e-06
1.01536e-06
1.01403e-06
1.01289e-06
1.0115e-06
1.01023e-06
1.00885e-06
1.00746e-06
1.00626e-06
1.00487e-06
1.00361e-06
1.00222e-06
1.00084e-06
9.99451e-07
9.98065e-07
9.9674e-07
9.95415e-07
9.94089e-07
9.92703e-07
9.91439e-07
9.90234e-07
9.88848e-07
9.87582e-07
9.86257e-07
9.84932e-07
9.83546e-07
9.82342e-07
9.80895e-07
9.79569e-07
9.78485e-07
9.76859e-07
9.75112e-07
9.73244e-07
9.71376e-07
9.69629e-07
9.67761e-07
9.66557e-07
9.6487e-07
9.63183e-07
9.61315e-07
9.59568e-07
9.58062e-07
9.56194e-07
9.54448e-07
9.5276e-07
9.51013e-07
9.49326e-07
9.47459e-07
9.45652e-07
9.43904e-07
9.42157e-07
9.4029e-07
9.38422e-07
9.36675e-07
9.34927e-07
9.33542e-07
9.31795e-07
9.3071e-07
9.29023e-07
9.27216e-07
9.25831e-07
9.23963e-07
9.22276e-07
9.20469e-07
9.18601e-07
9.16793e-07
9.14986e-07
9.13239e-07
9.11432e-07
9.09565e-07
9.07877e-07
9.0601e-07
9.04202e-07
8.92656e-07
8.4448e-07
7.64447e-07
6.86994e-07
6.1987e-07
5.55326e-07
5.06273e-07
4.28822e-07
3.48788e-07
2.765e-07
1.96466e-07
1.21596e-07
4.15623e-08
-3.58891e-08
-1.13341e-07
-1.93375e-07
-2.70827e-07
-3.50861e-07
-4.28312e-07
-5.05764e-07
-5.83216e-07
-6.52923e-07
-7.30374e-07
-8.07827e-07
-8.8786e-07
-9.54984e-07
-1.03502e-06
-1.11505e-06
-1.1796e-06
-1.25963e-06
-1.33708e-06
-1.41453e-06
-1.48197e-06
-1.51714e-06
-1.52852e-06
-1.53408e-06
-1.52655e-06
-1.50519e-06
-1.48147e-06
-1.45574e-06
-1.43084e-06
-1.40511e-06
-1.38021e-06
-1.35448e-06
-1.32875e-06
-1.30551e-06
-1.26904e-06
-1.23135e-06
-1.1924e-06
-1.14596e-06
-1.09314e-06
-1.04031e-06
-9.89189e-07
-9.36363e-07
-8.88648e-07
-8.35822e-07
-8.00036e-07
-7.50617e-07
-6.97791e-07
-6.46668e-07
-5.93842e-07
-5.66576e-07
-5.49536e-07
-4.96709e-07
-4.48994e-07
-4.02984e-07
-3.51862e-07
-2.99035e-07
-2.47912e-07
-2.00198e-07
-1.49076e-07
-9.7953e-08
-4.51269e-08
5.99607e-09
5.88229e-08
1.01425e-07
1.42323e-07
1.95149e-07
2.46271e-07
2.97394e-07
3.50542e-07
3.7975e-07
4.24565e-07
4.92769e-07
5.69148e-07
6.55724e-07
7.50892e-07
8.47885e-07
9.57634e-07
1.06373e-06
1.16982e-06
1.28322e-06
1.38932e-06
1.48632e-06
1.54178e-06
1.57213e-06
1.59975e-06
1.59284e-06
1.51245e-06
1.4627e-06
1.41626e-06
1.37812e-06
1.32837e-06
1.28027e-06
1.22886e-06
1.1957e-06
1.14594e-06
1.09619e-06
1.05307e-06
1.00332e-06
9.65179e-07
8.97857e-07
8.40874e-07
7.67753e-07
8.59732e-07
9.73428e-07
1.05345e-06
1.12573e-06
1.20576e-06
1.2832e-06
1.36064e-06
1.43808e-06
1.51811e-06
1.59813e-06
1.67557e-06
1.73753e-06
1.81497e-06
1.87877e-06
1.77396e-06
1.6086e-06
1.47211e-06
1.32375e-06
1.13978e-06
9.78037e-07
8.28446e-07
6.26824e-07
4.77234e-07
3.10039e-07
1.60004e-07
2.60425e-08
-1.34711e-07
-2.52596e-07
-3.97274e-07
-5.20518e-07
-6.70555e-07
-7.87763e-07
-9.18796e-07
-1.06924e-06
-1.20798e-06
-1.34305e-06
-1.45839e-06
-1.5624e-06
-1.65819e-06
-1.72984e-06
-1.81133e-06
-1.8745e-06
-1.93091e-06
-1.99814e-06
-2.08337e-06
-2.16311e-06
-2.2456e-06
-2.32808e-06
-2.40507e-06
-2.49031e-06
-2.57554e-06
-2.64153e-06
-2.71577e-06
-2.79551e-06
-2.878e-06
-2.96048e-06
-3.04572e-06
-3.11522e-06
-3.1446e-06
-3.13081e-06
-3.09526e-06
-3.03675e-06
-2.96119e-06
-2.87536e-06
-2.74183e-06
-2.5951e-06
-2.42383e-06
-2.21339e-06
-1.91369e-06
-1.59411e-06
-1.29515e-06
-9.75568e-07
-6.97223e-07
-3.9826e-07
-7.86795e-08
1.79047e-07
4.47083e-07
7.46046e-07
1.06563e-06
1.3749e-06
1.68417e-06
2.00375e-06
2.31302e-06
2.6326e-06
2.94188e-06
3.14404e-06
3.05342e-06
2.91698e-06
2.73878e-06
2.55121e-06
2.35265e-06
2.16049e-06
1.96193e-06
1.76385e-06
1.57658e-06
1.38307e-06
1.1958e-06
1.00228e-06
8.08773e-07
6.33989e-07
4.40477e-07
2.53208e-07
5.9697e-08
-1.27572e-07
-3.52712e-07
-3.43082e-07
-2.57101e-07
-2.09644e-07
-2.17344e-07
-2.31883e-07
-2.46423e-07
-2.59555e-07
-2.74094e-07
-2.88165e-07
-3.02704e-07
-3.16774e-07
-3.31314e-07
-3.45853e-07
-3.59924e-07
-3.74463e-07
-3.88533e-07
-3.93981e-07
-4.07351e-07
-3.79439e-07
-2.58098e-07
-1.4067e-07
-4.28136e-08
7.46138e-08
1.95956e-07
3.17297e-07
4.34724e-07
5.56066e-07
6.73493e-07
8.20958e-07
9.87609e-07
1.14351e-06
1.31513e-06
1.44981e-06
1.46533e-06
1.40574e-06
1.34415e-06
1.28257e-06
1.22297e-06
1.16139e-06
1.06455e-06
9.3452e-07
8.42238e-07
7.24789e-07
5.94756e-07
3.95064e-07
3.94467e-07
5.66648e-07
7.31821e-07
8.81104e-07
1.02557e-06
1.16523e-06
1.30969e-06
1.45898e-06
1.60826e-06
1.74243e-06
1.77252e-06
1.5583e-06
1.30289e-06
1.05572e-06
8.00302e-07
5.44889e-07
3.3067e-07
8.50021e-08
-1.48378e-07
-3.74532e-07
-5.4269e-07
-5.77088e-07
-6.14038e-07
-6.49796e-07
-6.85554e-07
-7.21312e-07
-7.58262e-07
-7.95213e-07
-8.22627e-07
-8.59578e-07
-8.95336e-07
-9.8943e-07
-1.01846e-06
-1.01003e-06
-9.91439e-07
-9.58315e-07
-9.24087e-07
-8.90964e-07
-8.31659e-07
-7.63102e-07
-6.96757e-07
-6.30413e-07
-5.95029e-07
-5.46376e-07
-4.91089e-07
-4.29167e-07
-3.6014e-07
-2.80464e-07
-4.08097e-07
-5.16583e-07
-5.16583e-07
-5.16583e-07
-5.99756e-07
-5.99756e-07
-5.99756e-07
-6.2507e-07
-6.2507e-07
-6.2507e-07
-7.22707e-07
-8.31193e-07
-9.43295e-07
-1.05178e-06
-1.16388e-06
-1.27599e-06
-1.38447e-06
-1.49657e-06
-1.60506e-06
-1.71716e-06
-1.82926e-06
-1.93052e-06
-2.04262e-06
-2.11003e-06
-2.03705e-06
-1.96598e-06
-1.89253e-06
-1.81909e-06
-1.74801e-06
-1.67457e-06
-1.6035e-06
-1.53005e-06
-1.45661e-06
-1.3879e-06
-1.31446e-06
-1.24338e-06
-1.16994e-06
-1.09887e-06
-1.02542e-06
-9.51977e-07
-8.80902e-07
-8.07458e-07
-7.36384e-07
-6.6294e-07
-5.89496e-07
-5.23159e-07
-4.49715e-07
-3.78641e-07
-3.05196e-07
-3.05196e-07
-3.05196e-07
-3.05196e-07
-3.05196e-07
-3.05196e-07
-3.01786e-06
-2.98768e-06
-2.96574e-06
-2.92185e-06
-2.89167e-06
-2.85601e-06
-2.80938e-06
-2.76274e-06
-2.71611e-06
-2.66947e-06
-2.62833e-06
-2.58718e-06
-2.55426e-06
-2.51311e-06
-2.46648e-06
-2.38693e-06
-2.30737e-06
-2.22508e-06
-2.14278e-06
-2.06323e-06
-1.98312e-06
-1.90915e-06
-1.83008e-06
-1.77604e-06
-1.66771e-06
-1.47195e-06
-1.25445e-06
-9.93445e-07
-7.54192e-07
-5.58438e-07
-3.19184e-07
-1.12556e-07
1.37574e-07
3.65952e-07
6.16081e-07
8.6621e-07
1.08371e-06
1.23121e-06
1.16474e-06
1.08531e-06
1.00588e-06
9.26449e-07
8.47017e-07
7.71038e-07
6.9506e-07
6.19081e-07
5.39649e-07
4.67124e-07
3.98053e-07
3.1862e-07
3.12409e-07
3.14089e-07
3.15768e-07
3.17523e-07
3.1905e-07
3.20882e-07
3.22561e-07
3.23935e-07
3.25997e-07
3.2821e-07
3.30577e-07
3.43609e-07
5.43497e-07
7.57723e-07
8.95934e-07
1.08943e-06
1.28293e-06
1.49715e-06
1.69756e-06
1.87032e-06
1.82552e-06
1.61899e-06
1.41569e-06
1.20513e-06
1.00182e-06
7.76738e-07
5.58913e-07
3.48349e-07
1.40926e-07
1.67399e-07
2.97174e-07
4.14597e-07
5.3202e-07
6.25149e-07
7.42572e-07
8.15456e-07
9.28829e-07
1.08986e-06
1.16235e-06
1.26005e-06
1.34829e-06
1.44284e-06
1.54054e-06
1.63509e-06
1.72963e-06
1.82103e-06
1.90176e-06
1.93732e-06
2.04612e-06
2.17273e-06
2.21986e-06
2.26856e-06
2.31255e-06
2.36125e-06
2.40838e-06
2.44923e-06
2.48851e-06
2.51835e-06
2.56545e-06
2.35082e-06
2.08613e-06
1.79309e-06
1.51894e-06
1.2259e-06
9.423e-07
6.58705e-07
3.65656e-07
8.20619e-08
-1.74939e-07
-4.03746e-07
-7.38784e-07
-1.09893e-06
-1.42307e-06
-1.78322e-06
-2.14337e-06
-2.51553e-06
-2.82766e-06
-3.19981e-06
-3.57197e-06
-3.87209e-06
-4.24425e-06
-4.23947e-06
-3.99002e-06
-3.63951e-06
-3.31612e-06
-2.95809e-06
-2.61161e-06
-2.25358e-06
-1.9071e-06
-1.54907e-06
-1.19103e-06
-8.44553e-07
-4.86521e-07
-4.1438e-07
-4.87338e-07
-5.54711e-07
-6.15563e-07
-6.82935e-07
-7.48135e-07
-8.15508e-07
-8.80706e-07
-9.48079e-07
-1.02268e-06
-1.10713e-06
-1.19439e-06
-1.33278e-06
-1.3704e-06
-1.34336e-06
-1.30601e-06
-1.2661e-06
-1.22747e-06
-1.18755e-06
-1.16694e-06
-1.15407e-06
-1.11415e-06
-1.07809e-06
-1.04333e-06
-1.0047e-06
-9.64779e-07
-9.26149e-07
-8.90093e-07
-8.09992e-07
-5.21317e-07
-1.04474e-07
3.52074e-07
8.68571e-07
1.28593e-06
1.68063e-06
2.15912e-06
2.63617e-06
3.11322e-06
3.60617e-06
4.02406e-06
4.12775e-06
3.74278e-06
3.19521e-06
2.64763e-06
2.08181e-06
1.51598e-06
9.68404e-07
4.39083e-07
-1.05528e-07
-6.43194e-07
-1.09059e-06
-1.52255e-06
-1.90823e-06
-2.20135e-06
-2.54075e-06
-2.99515e-06
-3.38882e-06
-2.82054e-06
-1.97879e-06
-1.28734e-06
-3.8546e-07
4.86358e-07
1.4183e-06
2.01956e-06
2.81827e-06
3.23948e-06
3.51245e-06
3.68404e-06
3.78539e-06
3.91881e-06
4.02246e-06
4.14701e-06
4.26694e-06
4.39086e-06
4.4246e-06
4.06543e-06
3.24363e-06
2.38865e-06
1.53368e-06
6.78417e-07
-2.02361e-07
-1.04615e-06
-1.41204e-06
-1.29193e-06
-1.14179e-06
-9.86641e-07
-8.31495e-07
-6.91363e-07
-5.76254e-07
-4.51137e-07
-2.95991e-07
-1.63202e-07
-5.86911e-08
4.51771e-08
8.33313e-08
1.11717e-07
9.42762e-08
4.10623e-08
-2.44531e-08
-7.24976e-08
-1.31462e-07
-1.8169e-07
-2.42838e-07
-2.90882e-07
-3.49846e-07
-4.17545e-07
-4.83061e-07
-5.5076e-07
-6.14091e-07
-6.77423e-07
-7.42938e-07
-7.97535e-07
-8.65233e-07
-9.1983e-07
-9.67874e-07
-1.02247e-06
-1.09017e-06
-1.1535e-06
-1.21902e-06
-1.28453e-06
-1.34568e-06
-1.41338e-06
-1.48108e-06
-1.53349e-06
-1.67247e-06
-1.83993e-06
-2.01332e-06
-2.24254e-06
-2.53038e-06
-2.83536e-06
-3.20469e-06
-3.46977e-06
-3.64804e-06
-3.84541e-06
-4.02369e-06
-4.18286e-06
-4.38023e-06
-4.57123e-06
-4.7686e-06
-4.95961e-06
-4.92636e-06
-4.83099e-06
-4.74177e-06
-4.42269e-06
-3.46427e-06
-2.43484e-06
-1.33443e-06
-4.46997e-07
4.75933e-07
1.50535e-06
2.60577e-06
3.67069e-06
4.73561e-06
5.11157e-06
5.14236e-06
5.17418e-06
5.17809e-06
4.92649e-06
4.67489e-06
4.43952e-06
4.18792e-06
3.94444e-06
3.69284e-06
3.44936e-06
3.19776e-06
2.94617e-06
2.65671e-06
2.04491e-06
1.39153e-06
6.92954e-07
-5.62363e-09
-6.36597e-07
-1.33518e-06
-2.01122e-06
-2.7098e-06
-3.38584e-06
-3.98527e-06
-3.48838e-06
-2.97471e-06
-2.44393e-06
-1.93026e-06
-1.39947e-06
-7.0023e-07
2.26628e-08
6.07006e-07
7.44462e-07
8.865e-07
1.02396e-06
1.166e-06
1.30803e-06
1.44549e-06
1.58753e-06
1.52899e-06
1.48054e-06
1.43004e-06
1.28444e-06
1.12325e-06
9.6726e-07
8.37266e-07
6.56831e-07
2.65631e-07
3.2715e-08
-1.44216e-07
-3.06061e-07
-4.62685e-07
-6.2453e-07
-7.86375e-07
-9.37778e-07
-1.04331e-06
-9.68287e-07
-6.8515e-07
-1.22152e-07
4.60478e-07
1.04311e-06
1.58378e-06
1.9143e-06
2.02182e-06
2.13292e-06
2.21176e-06
2.31211e-06
2.42321e-06
2.42451e-06
2.33507e-06
2.21418e-06
1.87282e-06
1.53146e-06
1.20111e-06
8.81773e-07
5.51425e-07
2.10065e-07
-1.31296e-07
-4.39621e-07
-7.80982e-07
-7.94223e-07
-4.11716e-07
-4.47219e-08
3.34506e-07
7.13734e-07
1.0318e-06
1.38656e-06
1.71685e-06
2.04609e-06
2.13659e-06
1.66505e-06
1.14298e-06
6.37759e-07
1.32534e-07
-3.72691e-07
-8.94757e-07
-1.41682e-06
-1.80416e-06
-2.29372e-06
-2.31733e-06
-2.31131e-06
-2.30529e-06
-2.29966e-06
-2.29364e-06
-2.28781e-06
-2.28179e-06
-2.27596e-06
-2.25257e-06
-1.79605e-06
-1.11292e-06
-4.19107e-07
-6.53818e-08
4.14499e-07
9.5982e-07
1.57058e-06
2.24677e-06
2.84979e-06
2.37477e-06
1.72592e-06
1.72592e-06
1.72592e-06
1.22847e-06
1.22847e-06
1.22847e-06
1.07707e-06
1.07707e-06
1.07707e-06
5.12945e-07
-1.08028e-07
-7.497e-07
-1.32478e-06
-1.80868e-06
-2.06401e-06
-2.23263e-06
-2.4058e-06
-2.57338e-06
-2.74655e-06
-2.91972e-06
-3.07613e-06
-3.2493e-06
-3.41689e-06
-3.59006e-06
-3.75747e-06
-3.70923e-06
-3.33117e-06
-2.96523e-06
-2.58708e-06
-2.22114e-06
-1.84299e-06
-1.46485e-06
-1.11111e-06
-7.32963e-07
-3.67018e-07
1.11258e-08
3.7707e-07
7.55213e-07
1.13336e-06
1.4993e-06
1.87744e-06
2.24339e-06
2.62153e-06
2.99967e-06
3.34122e-06
3.71937e-06
4.08531e-06
4.46346e-06
4.46346e-06
4.46346e-06
4.46346e-06
4.46346e-06
4.46346e-06
1.83599e-05
1.76319e-05
1.71025e-05
1.60436e-05
1.53156e-05
1.44553e-05
1.33302e-05
1.22052e-05
1.10801e-05
9.95507e-06
8.96238e-06
7.96968e-06
7.17552e-06
6.18282e-06
5.05776e-06
3.13855e-06
1.21933e-06
-7.66066e-07
-2.75146e-06
-4.67068e-06
-6.72226e-06
-8.64147e-06
-1.06923e-05
-1.10206e-05
-1.04019e-05
-9.84404e-06
-9.22415e-06
-8.48029e-06
-7.79841e-06
-7.24052e-06
-4.81881e-06
-1.20503e-06
3.46339e-06
7.72585e-06
1.2368e-05
1.33935e-05
1.21825e-05
1.07899e-05
9.51838e-06
8.12575e-06
6.71205e-06
4.65103e-06
2.51289e-06
4.6771e-07
-1.57747e-06
-3.62264e-06
-5.76078e-06
-7.713e-06
-9.29698e-06
-9.08866e-06
-7.7027e-06
-6.25073e-06
-4.79876e-06
-3.28079e-06
-1.96082e-06
-3.76858e-07
1.07511e-06
2.26308e-06
4.04504e-06
5.959e-06
8.00496e-06
1.00509e-05
8.35477e-06
5.67537e-06
3.94673e-06
1.52662e-06
-8.93481e-07
-3.57288e-06
-6.07942e-06
-7.54936e-06
-5.67381e-06
-3.88805e-06
-2.16387e-06
-3.78108e-07
1.34607e-06
3.25499e-06
4.91133e-06
5.86211e-06
6.8129e-06
7.82925e-06
8.84561e-06
7.22511e-06
2.69076e-06
-1.02722e-06
-5.51222e-06
-7.75318e-06
-9.18752e-06
-7.43764e-06
-5.95988e-06
-4.21206e-06
-2.44925e-06
-3.99754e-07
1.71806e-06
3.85955e-06
5.626e-06
6.51872e-06
7.3094e-06
8.12643e-06
8.86439e-06
9.36401e-06
9.49318e-06
7.92618e-06
5.35002e-06
2.26647e-06
-7.17608e-07
-3.30381e-06
-5.79054e-06
-7.68046e-06
-1.06645e-05
-9.86403e-06
-7.02903e-06
-3.89028e-06
-9.54034e-07
2.18471e-06
5.07656e-06
5.84252e-06
6.09585e-06
6.341e-06
6.59432e-06
6.83947e-06
7.08463e-06
7.32978e-06
7.55042e-06
7.06387e-06
3.25508e-06
-1.42538e-06
-5.35093e-06
-1.00314e-05
-1.45098e-05
-1.65147e-05
-1.50593e-05
-1.33969e-05
-1.17345e-05
-1.00167e-05
-8.46511e-06
-6.7166e-06
-3.98666e-06
-1.53313e-06
8.41248e-07
3.29477e-06
5.7483e-06
8.12268e-06
1.05762e-05
1.07483e-05
7.99755e-06
5.24684e-06
2.76232e-06
1.16067e-08
-2.65037e-06
-5.31426e-06
-5.61307e-06
-5.95733e-06
-6.30158e-06
-6.63473e-06
-6.97899e-06
-7.14797e-06
-5.95444e-06
-5.13355e-06
-3.99993e-06
-2.78814e-06
-1.52947e-06
-1.94367e-07
1.29967e-08
1.22306e-07
4.61165e-07
7.67231e-07
1.06237e-06
1.39029e-06
1.72915e-06
2.05708e-06
2.36315e-06
2.69108e-06
3.00232e-06
2.65243e-06
2.52595e-06
2.28012e-06
1.98507e-06
1.70183e-06
1.33597e-06
9.66386e-07
4.28696e-07
6.25078e-08
1.7254e-07
2.90431e-07
4.08323e-07
5.26213e-07
6.44104e-07
7.65925e-07
1.60151e-06
2.73417e-06
3.63699e-06
4.5398e-06
5.50488e-06
5.11533e-06
1.81775e-06
-1.42657e-06
-3.89225e-06
-6.74726e-06
-8.01292e-06
-8.34894e-06
-8.72229e-06
-6.55744e-06
-3.15801e-06
1.27602e-06
5.45597e-06
5.70016e-06
5.62607e-06
5.51493e-06
5.40378e-06
4.99893e-06
4.51086e-06
4.13667e-06
3.97433e-06
3.16185e-06
2.15439e-06
1.2225e-06
9.18335e-07
6.14165e-07
3.39431e-07
5.85937e-07
1.18662e-06
1.92943e-06
2.77194e-06
3.79333e-06
4.07837e-06
4.35312e-06
4.57292e-06
3.2208e-06
1.27796e-06
-6.64882e-07
-2.26632e-06
-2.25573e-06
-2.21521e-06
-2.16497e-06
-2.12122e-06
-2.08394e-06
-2.03371e-06
-1.99643e-06
-1.9462e-06
-1.90082e-06
-1.8603e-06
-1.81169e-06
-1.77603e-06
-1.75574e-06
-1.64115e-06
-1.47814e-06
-1.33644e-06
-1.16253e-06
-9.62863e-07
-7.69635e-07
-5.69967e-07
-3.8318e-07
-1.96394e-07
-3.16595e-09
2.78424e-07
3.1328e-07
-2.27446e-08
-3.18448e-07
-6.54472e-07
-1.07114e-06
-1.46093e-06
-1.86416e-06
-2.26739e-06
-2.64374e-06
-2.48791e-06
-2.12203e-06
-1.83877e-06
-1.5201e-06
-1.17783e-06
-8.23754e-07
-2.6215e-07
6.7814e-07
1.4971e-06
2.40706e-06
3.31701e-06
4.16631e-06
5.1066e-06
3.88984e-06
1.68957e-06
-1.03876e-06
-3.67908e-06
-6.40741e-06
-9.04774e-06
-1.17769e-05
-1.52545e-05
-1.82707e-05
-2.1495e-05
-2.43033e-05
-2.5226e-05
-1.49921e-05
-6.08491e-06
3.17859e-06
1.31599e-05
1.95694e-05
2.55526e-05
2.91548e-05
2.16902e-05
1.44501e-05
6.96867e-06
4.28711e-06
2.82413e-06
1.36115e-06
-1.42563e-08
-4.94625e-07
-6.8768e-07
-8.8717e-07
-1.08023e-06
-1.27972e-06
-1.93441e-06
-3.08478e-06
-4.2735e-06
-5.42388e-06
-6.61259e-06
-5.14749e-06
-1.67492e-06
2.1697e-06
5.89031e-06
6.72485e-06
6.74067e-06
6.75701e-06
6.71999e-06
2.968e-06
-1.23487e-06
-4.39145e-06
-6.93882e-06
-9.01297e-06
-7.45179e-06
-5.68405e-06
-3.83634e-06
-1.65611e-06
4.05646e-07
1.84932e-06
3.10062e-06
4.31155e-06
5.56284e-06
6.44214e-06
5.31373e-06
3.43914e-06
1.74027e-06
-1.4062e-07
-1.91093e-06
-2.07317e-06
-1.7635e-06
-1.4658e-06
-1.16809e-06
-8.7998e-07
-5.85584e-07
-5.02288e-07
-2.50443e-07
3.80683e-07
1.19281e-06
1.97016e-06
1.7775e-06
1.5056e-06
1.02583e-06
-1.34425e-07
-1.31602e-06
-2.22928e-06
-2.80635e-06
-1.93265e-06
-2.68545e-07
9.59801e-07
2.52315e-06
4.254e-06
5.92902e-06
5.93021e-06
5.35556e-06
4.7435e-06
4.04396e-06
3.39497e-06
2.36125e-06
9.10994e-07
-5.876e-07
-2.08619e-06
-3.43976e-06
-4.93836e-06
-6.38861e-06
-6.77386e-06
-4.09856e-06
-1.26764e-06
1.56329e-06
3.93761e-06
6.59955e-06
6.98418e-06
6.58161e-06
6.13259e-06
5.69905e-06
5.21907e-06
4.46219e-06
1.26263e-06
-2.36762e-06
-6.11888e-06
-9.22493e-06
-8.248e-06
-6.92846e-06
-5.65149e-06
-4.33195e-06
-3.01241e-06
-1.59854e-06
-6.9465e-07
8.184e-08
8.84213e-07
1.6607e-06
2.46308e-06
3.26545e-06
3.59546e-06
2.25226e-06
1.53566e-06
5.50336e-07
-5.69352e-07
-1.8234e-06
-3.21181e-06
-4.55552e-06
-3.76683e-06
-2.76177e-06
-2.76177e-06
-2.76177e-06
-1.99122e-06
-1.99122e-06
-1.99122e-06
-1.7567e-06
-1.7567e-06
-1.7567e-06
-8.52147e-07
1.52917e-07
1.19148e-06
2.19654e-06
3.23521e-06
3.36509e-06
2.34818e-06
1.29693e-06
2.79602e-07
-7.7164e-07
-1.82288e-06
-2.77239e-06
-4.14225e-06
-5.66389e-06
-7.20961e-06
-8.70547e-06
-1.02512e-05
-1.06129e-05
-8.06292e-06
-5.42791e-06
-2.87791e-06
-9.42803e-08
1.84065e-06
2.91939e-06
4.07253e-06
5.18846e-06
6.17254e-06
5.44119e-06
4.36847e-06
3.27848e-06
2.14748e-06
1.22149e-06
1.99936e-07
-8.55674e-07
-1.6333e-06
-7.94072e-07
4.9146e-07
1.73552e-06
3.02106e-06
3.02106e-06
3.02106e-06
3.02106e-06
3.02106e-06
3.02106e-06